,ACB,AMB,AN,AOB,AON,APN,AV,BST,CA1,CA2,CA3,CENT,CLA,COPY,CP,CU,CUL,CUN,DEC,DG,ECU,EPd,FN,FOTU,FRP,FS,GPi,IC,IP,IRN,LAV,LD,LHA,LIN,LP,LPO,LRN,MA,MDRN,MEV,MO,MOB,MRN,MV,MX,NDB,NLL,NOD,NOT,NTS,ORB,OT,PARN,PB,PG,PGRNl,PIR,PO,PPN,PPT,PRM,PRNc,PRNr,PSTN,PT,PYR,RR,RSPd,RSPv,RT,SCm,SCs,SI,SIM,SNc,SNr,SO,SOC,SPFp,SPIV,SPVC,SPVI,SPVO,SS,STN,SUB,SUT,SUV,UVU,V,VAL,VII,VIS,VM,VPL,VPM,ZI
ACB,1.0,0.06074210599249116,0.15290556855821855,0.3117594040393927,0.39324265804550845,0.06805466377463013,0.3292071600686015,0.0984257886837125,0.25559159209669546,0.5330319515231837,0.7126789138533346,0.1077218468668711,0.764748190189943,0.16521695003826073,0.8577725343605996,0.05809811082653168,0.14349111401780065,0.07152184972951314,0.13516514919373504,0.8352673876529304,0.06733555770020021,0.5143137257889119,0.0427286681880846,0.158200439964894,0.2837645519392663,0.5946449591816502,0.048617327978951026,0.08297231627790272,0.04712758529356775,0.051781314576789784,0.04407866873712514,0.7464828402677296,0.07042604946507873,0.07271140647714622,0.6385459625640868,0.07301486386046015,0.057946249376530354,0.10239548983206381,0.0527663930920613,0.052333317202291285,0.6390242615858425,0.2616996388006947,0.05652780254741924,0.04508385595153236,0.06450106661685025,0.1223239271484998,0.048560513818868514,0.1264585780003109,0.08051143362248508,0.09830010764046661,0.6376712713015903,0.7311777081158919,0.054331059150561994,0.07521226228572553,0.10714251336418554,0.05138311119787038,0.9942951248627968,0.9204212134298212,0.05622478657332995,0.07241646447688908,0.17526220097556736,0.04949369733699087,0.05116705320911048,0.10063202043648363,0.536889807387001,0.14020226548242282,0.05887328601614628,0.5976246650508669,0.48901911080228255,0.06725685627948527,0.07278025356479971,0.11155366990493383,0.07411997339934845,0.1543910473903431,0.05924682836816101,0.05806227567943511,0.07753306467309327,0.043583437868924775,0.06604080024677214,0.048702806613056836,0.06674893436442829,0.06277656945118774,0.06440248817387856,0.6383488415711496,0.10108766489347322,0.790496442400075,0.05660423785545903,0.04788157678375256,0.143829410119655,0.0466202193128865,0.5274570657976013,0.05275309836539113,0.5436978407615782,0.2939712321224251,0.3601451067043622,0.6586360764450503,0.05928699065119445
AMB,0.06074210599249116,1.0,0.3972524124872777,0.19483648353656727,0.023886387215769224,0.8925487633536,0.18451028215739135,0.6171360860280591,0.01552517157792705,0.03237748329680562,0.04328961812389273,0.5638791736235246,0.07942759037769599,0.36765057083080505,0.07081376887145203,0.9564717896629017,0.42331615032939146,0.8492804118211473,0.4493917726190516,0.05073590019288547,0.9020806846649249,0.11810321783521939,0.7034439700422414,0.38395661861604385,0.01723645649080668,0.10214852586337296,0.8003892388084309,0.7320767783442977,0.775863538537725,0.8524780912797282,0.7256690892899579,0.08137106804853773,0.8624948645260953,0.8353862060360898,0.09512565978583705,0.8319142539055656,0.9539716878386397,0.5932107565686019,0.8686954828102963,0.861565735122201,0.038815679429020644,0.23210618964113722,0.9306197344294763,0.742217531231228,0.9417225044248009,0.49656765776290795,0.79945390475713,0.4803320340383855,0.7544531659603588,0.6179251218590306,0.03873349594976778,0.08307434064013275,0.8944546499141525,0.8076090805743432,0.5669281416427495,0.8459224512930502,0.06039557986223324,0.055908322903891534,0.9256311689337933,0.8387886157004576,0.3465784730214531,0.8148169466351596,0.8423654789880957,0.6036061457280393,0.03261181758658938,0.4332462516456726,0.9692335333816731,0.036300980748246794,0.1242121312863171,0.903136265246741,0.8345959654895891,0.5445101541191397,0.8195106286023723,0.39343023458425264,0.9753831777825583,0.9558818340380344,0.7834348641911842,0.717516081419905,0.9197663530047854,0.8017964773739882,0.910008625169329,0.9675919936931486,0.9431639633005354,0.03877465299489872,0.6008854399446417,0.07684045459846513,0.931878092314685,0.788276534068009,0.4223204832861262,0.7675107497696841,0.11516028494307715,0.8684766111321922,0.033025351871428375,0.20662602103594593,0.1686600896742253,0.09222407967741932,0.9760443712393414
AN,0.15290556855821855,0.3972524124872777,1.0,0.490460164399397,0.060128992209793584,0.44507642472627423,0.4644661085936147,0.6437031012787282,0.039081377708245504,0.08150355360734919,0.10897257452219779,0.70449917476914,0.19994237386850286,0.9254835446533112,0.17825887683871497,0.3799607259196117,0.9384296162056821,0.4677517660338271,0.8839779379406388,0.12771703480720925,0.4403734823729608,0.29730019031414123,0.27944481414890865,0.9665306151623192,0.043389180150941654,0.2571375847003682,0.31795655604550505,0.542637636158497,0.3082136624450272,0.3386489783534218,0.2882737963878815,0.20483467309627404,0.4605852496357196,0.4755314483491913,0.23945898576231678,0.47751605483655,0.3789675544384598,0.66966488400373,0.3450913762631907,0.3422590667936693,0.09771036804027902,0.5842788674029024,0.3696909346103791,0.2948477048719567,0.4218359555184649,0.7999965488629357,0.31758499233714416,0.8270371000397019,0.5265435025136478,0.642881149243685,0.0975034882916117,0.20912230619315184,0.3553242675388605,0.4918870057834983,0.7007103428243765,0.33604473455331585,0.15203326138181084,0.14073752895253225,0.36770921493236824,0.4736025323323436,0.872438938385434,0.3236879977863346,0.33463171872402225,0.6581318220478553,0.08209344125162181,0.9169205988010897,0.385030359399438,0.0913801391940177,0.31267810435335003,0.43985877632623527,0.4759817072135524,0.729559236833549,0.4847434537423494,0.9903784652204033,0.38747332047362865,0.37972636462437276,0.5070650166908258,0.28503499434247515,0.4319057891055631,0.31851558496061777,0.43653697503510946,0.41055777132986276,0.421191254060557,0.0976070925589168,0.6611117295900459,0.1934297997521311,0.3701908203160507,0.3131447548656264,0.9406420673612824,0.30489549695592627,0.28989197125836264,0.3450044289610387,0.08313442746552487,0.5201378633353505,0.4245665586225401,0.23215486370488145,0.38773598116945646
AOB,0.3117594040393927,0.19483648353656727,0.490460164399397,1.0,0.12259709671513437,0.21829225644154426,0.9470006787653921,0.31571072887756674,0.07968308242954535,0.1661777235408222,0.22218435345435728,0.3455287810765119,0.40766282030946677,0.5299501727857568,0.36345230413769797,0.18635560009984697,0.46026234384150183,0.2294136080670591,0.43355596476780567,0.26040246298821795,0.21598565056177732,0.6061658252677998,0.13705654948803267,0.5074440030200482,0.08846626760009098,0.5242782255624191,0.15594502474994448,0.26614214423959665,0.15116652355292828,0.16609383359690702,0.14138681356843866,0.4176377368936956,0.22589871725627236,0.2332292323344277,0.4882333024039806,0.23420260275848576,0.18586848905192443,0.3284439491009725,0.16925357313485867,0.16786443816680724,0.1992218229587152,0.8394282110175814,0.18131867656597325,0.14461105380428477,0.206893732093163,0.39236643887426564,0.155762787552457,0.4056287520498727,0.258248612806278,0.31530759414733095,0.1988000155140257,0.4263797987533541,0.17427239867220481,0.24125098172250167,0.3436705099380015,0.164816555754571,0.309980855566499,0.2869499689640957,0.1803467220069025,0.23228317586769195,0.5621713369500216,0.15875606860839728,0.16412352777863673,0.3227874416380658,0.16738044638579574,0.4497130276291759,0.18884205336980728,0.18631510941549992,0.6375198783702372,0.2157332077494829,0.23345006637106452,0.35781974323648097,0.2377473540140041,0.49522498885337507,0.19004022845987614,0.1862406552204552,0.24869519144736535,0.13979831018479155,0.2118325843297657,0.1562192061635547,0.21410399654213527,0.20136223202189454,0.206577531710129,0.19901125441745826,0.32424896758110355,0.3943843227084498,0.18156385059135782,0.15358502795220397,0.4613474629990032,0.14953909556163944,0.5910611957922328,0.16921092894675108,0.16950291481333424,0.9429426291990219,0.8656494236233269,0.47334091646193416,0.19016905306793308
AON,0.39324265804550845,0.023886387215769224,0.060128992209793584,0.12259709671513437,1.0,0.026761996875128917,0.12945829867298997,0.038705218762208615,0.649958967745348,0.7377468778781167,0.5517809639116608,0.04236082539149962,0.3007316110457852,0.0649703525872176,0.3373127514103944,0.02284665552884785,0.056426827082271036,0.02812544229596518,0.05315270254406206,0.47079852973848924,0.026479213691003436,0.20225009659852045,0.01680273505302694,0.06221116151576379,0.721601652652921,0.23383976434195494,0.01911840728151297,0.032628254197315076,0.01853257690810899,0.02036262178126745,0.01733361285729454,0.2935488962922426,0.02769452688729202,0.02859322675330038,0.2511035116029292,0.028712559141318282,0.022786937128594673,0.04026627459343259,0.02074999667499633,0.02057969276096775,0.6153798559535327,0.10291146157153463,0.022229143327218794,0.0177288953493214,0.025364570883180605,0.0481029862544412,0.0190960655301875,0.04972890734549751,0.03166053016076054,0.03865579561469669,0.6166855490334957,0.2875302654431162,0.021365290114794745,0.029576669938854647,0.042133006745008736,0.02020603122609848,0.395498930058389,0.42724206298999184,0.022109984520137675,0.028477242977150003,0.0689205737665382,0.019463033097298195,0.020121068008306563,0.03957280320093273,0.7324457507572895,0.05513351154230999,0.02315148748086283,0.6580094180216567,0.19230317496694058,0.026448264935129525,0.028620300365047934,0.0438676616681474,0.02914713535382215,0.06071314585420858,0.02329838026826166,0.022832563620352145,0.03048930843846151,0.017138866954337247,0.02597005982849315,0.01915202112679482,0.026248528371172954,0.024686425033963535,0.025325805634240427,0.6160309730924421,0.03975198203832304,0.3108569221849236,0.0222592009509209,0.018829078525852964,0.056559859540570676,0.018333058961264036,0.20741861855913335,0.02074476862134258,0.7232742684699254,0.11560202870873558,0.14162441904250664,0.2590038013859163,0.023314173791194926
APN,0.06805466377463013,0.8925487633536,0.44507642472627423,0.21829225644154426,0.026761996875128917,1.0,0.20672291501937146,0.691431226355942,0.017394199863763022,0.036275310242045194,0.04850112386155728,0.6317628759070201,0.08898963691267729,0.4119109071972949,0.07933882357909651,0.8536977130462274,0.474277896861179,0.9515227029502801,0.5034926841761995,0.05684384122863381,0.9894334049344318,0.13232130577545886,0.6278580455497493,0.43017999058493145,0.01931150117338534,0.11444587686118937,0.7143864252999943,0.8202092797637676,0.6924960418529946,0.7608782661577588,0.647695048249685,0.09116708396166479,0.9663280035092061,0.9359558159010477,0.10657754925167177,0.9320658859912476,0.8514662502547244,0.664625599098601,0.7753530789131884,0.7689894314311558,0.0434885812660558,0.2600487493468006,0.8306234931174847,0.6624653396397946,0.9477831942635416,0.5563479309490492,0.713551594049183,0.5381577497610547,0.8452794927703776,0.6923152518158024,0.043396503967170666,0.09307540837096122,0.798344391656754,0.9048346866112834,0.63517889993216,0.755027037794658,0.06766642041529151,0.06263895621100353,0.8261709551534043,0.9397678313382589,0.38830200348857513,0.727263858078768,0.7518522665625876,0.6762724576079092,0.03653785532574827,0.48540345293608783,0.8650881916206525,0.040671145643462685,0.1391656527757779,0.9882769607416347,0.935070440693612,0.6100620789313914,0.9181690258840319,0.44079410642619177,0.8705770491257271,0.8531711488828186,0.8777502096888927,0.6404180911576571,0.9704081481538565,0.7156424543414259,0.9808135205174784,0.9224433120275002,0.9463346757123637,0.0434426157840492,0.6732242143128595,0.08609104370919768,0.831746638891784,0.7035752456630634,0.4731623644845228,0.6850407705675259,0.1290240821245239,0.7751577252675635,0.03700117374802159,0.23150110057806123,0.18896456597005828,0.10332665672058412,0.8711671965279162
AV,0.3292071600686015,0.18451028215739135,0.4644661085936147,0.9470006787653921,0.12945829867298997,0.20672291501937146,1.0,0.29897827454057235,0.08414258217156553,0.17547793498677175,0.2346190012704318,0.3272159902124353,0.4304778543991522,0.5018631733399485,0.3837930766971909,0.17647887978628704,0.43586875202805253,0.21725484255752261,0.41057779291789637,0.27497600458714083,0.20453855768558787,0.640090169795929,0.1297926453944095,0.4805498152954133,0.09341732227206503,0.5536196935422711,0.14768004428828327,0.25203679124297484,0.14315480041122772,0.15729097315501706,0.13389340841778735,0.44101102170082,0.21392623857392126,0.22086824132863436,0.5155574999592313,0.2217900237809075,0.1760175852932703,0.31103664273500686,0.16028324864217905,0.1589677368845376,0.21037136237161033,0.7949390856084683,0.17170890978081926,0.13694676610963633,0.1959285047245305,0.37157128393868927,0.1475074655385663,0.3841307035179884,0.24456161161776613,0.2985965056774052,0.20992594828253125,0.450242337005742,0.16503607983265098,0.22846484344402626,0.32545620618293586,0.1560813901713528,0.32732907432613684,0.30300925374012755,0.17078846815365015,0.21997232521248525,0.5323766376741184,0.1503421047302774,0.15542509220773965,0.30567992632819263,0.176747968759653,0.42587854241446915,0.17883355272065785,0.19674231876834505,0.6731989666590038,0.20429949417099563,0.22107737131122387,0.3388555397206058,0.22514690562593787,0.4689784005857299,0.17996822534423285,0.17637002690748238,0.23551451510634408,0.13238909463525242,0.20060560114491524,0.14793969427307702,0.20275663005178526,0.19069017040244848,0.19562906274717148,0.21014900926671973,0.3070639923882827,0.4164562196751643,0.17194108974927405,0.14544512571893883,0.43689636060674764,0.1416136249988354,0.6241402029012284,0.16024286456709583,0.17898922209254986,0.8929673098882972,0.9140958850756865,0.4998316549033844,0.1800902223355045
BST,0.0984257886837125,0.6171360860280591,0.6437031012787282,0.31571072887756674,0.038705218762208615,0.691431226355942,0.29897827454057235,1.0,0.025156804033042993,0.05246409022228777,0.07014598417426607,0.9137031302977263,0.12870352613618624,0.5957366278757668,0.1147457918515437,0.5902732566688161,0.6859364731916595,0.7266576238402915,0.72818910252255,0.08221185139152389,0.6841251525713495,0.19137305451596884,0.4341206584119081,0.6221587544608218,0.02792974982510259,0.16552026072694864,0.49394908213721267,0.8429936644402323,0.47881338746505187,0.526094992677042,0.44783658151595074,0.1318527143214861,0.7155243600982477,0.7387434477238639,0.1541404917642622,0.7418265561995204,0.5887303536143196,0.9612316796876313,0.5361033302118013,0.5317033056292026,0.06289646693461355,0.3761021189588711,0.5743190204862788,0.45804922220544886,0.6553268963291926,0.8046323477190582,0.4933718537416639,0.7783243354473787,0.8179912470013881,0.9987230882787259,0.06276329779880462,0.13461267704309168,0.552000241777618,0.7641519899567915,0.918643641942165,0.5220492706742546,0.09786428184899118,0.09059318385304983,0.5712403967013784,0.7357468550198428,0.5615916503150251,0.5028529412757564,0.5198541347078647,0.9780762450838035,0.05284380272831205,0.7020270916809981,0.598148989238312,0.05882167899447108,0.20127186547420528,0.6833255509449118,0.7394429299284186,0.882317800638841,0.7530544016012933,0.6375096895020407,0.6019441567143387,0.5899091737635553,0.7877312004300301,0.4428050661496703,0.6709704959438196,0.49481753983766835,0.678165095317889,0.6378061104790114,0.6543253453709524,0.06282998818697463,0.9736676456759998,0.1245113619801702,0.575095598546379,0.48647389494249504,0.6843231061145965,0.47365858009732403,0.18660436093481195,0.5359682566010339,0.05351388878258986,0.3348143557214564,0.27329481048456605,0.1494388057437727,0.602352203056365
CA1,0.25559159209669546,0.01552517157792705,0.039081377708245504,0.07968308242954535,0.649958967745348,0.017394199863763022,0.08414258217156553,0.025156804033042993,1.0,0.479505199203014,0.3586349857255561,0.027532798344300027,0.19546320748371404,0.042228063301639245,0.2192394477140431,0.014849388643963492,0.036675122283538135,0.018280383442066873,0.03454707567841411,0.30599972640485595,0.01721040239731308,0.1314542640115713,0.010921088330363968,0.04043470232102496,0.9007171274564251,0.15198625184951245,0.012426180261627312,0.02120702641741972,0.01204541455685579,0.013234868633541534,0.011266137120024652,0.19079473761689222,0.01800030610786011,0.01858442414508378,0.1632069791986719,0.01866198530081848,0.01481057413417954,0.02617142626969818,0.013486646419600014,0.013375955863435011,0.3999716559468391,0.06688822733219972,0.014448031050822515,0.01152305452051024,0.016485930308535776,0.03126496729140527,0.012411659039998186,0.032321749285383616,0.02057804550155839,0.0251246810151034,0.40082030287328396,0.1868828745229537,0.013886561908591876,0.019223621862802832,0.027384725571993656,0.013133091197945233,0.25705807632514005,0.27768981023836803,0.01437058271557431,0.01850903944966187,0.04479554498171627,0.012650172901113473,0.01307786859261288,0.025720698319268057,0.47605968409167426,0.03583452025021602,0.015047516904830948,0.42767912210407316,0.12498917309566573,0.017190286975892272,0.018602020881828364,0.028512180095231272,0.018944442007304187,0.03946105360797413,0.01514299118929793,0.014840229481664068,0.019816799439931976,0.011139560273965897,0.01687947327841234,0.012448027881808666,0.017060466404962057,0.01604516333239785,0.01646073448735022,0.4003948553703259,0.02583715721146005,0.2020442442598089,0.01446756727289682,0.012238128442259489,0.036761587922811194,0.011915736078077771,0.1348135912098604,0.013483248399243905,0.47009859693148437,0.07513657524879788,0.09205006120840221,0.16834184339091127,0.015153256331160684
CA2,0.5330319515231837,0.03237748329680562,0.08150355360734919,0.1661777235408222,0.7377468778781167,0.036275310242045194,0.17547793498677175,0.05246409022228777,0.479505199203014,1.0,0.7479272098021953,0.057419186257129856,0.40763522024076815,0.08806591330360244,0.45722016795321757,0.030968149393676387,0.07648534853114397,0.038123431137870284,0.07204734325265884,0.6381572648502214,0.035892003727839655,0.27414564895242327,0.02277574539028131,0.08432588924631369,0.5323593663163817,0.3169647630560189,0.025914589210462947,0.04422689566800931,0.025120508759605715,0.02760109516130214,0.02349533881749376,0.3978992051264769,0.037539334584439185,0.03875750289250871,0.34036540056278497,0.03891925537374065,0.030887202388621027,0.054580067772357285,0.02812617348470087,0.027895330198019125,0.8341341378813667,0.13949426918284658,0.030131124907168072,0.02403113572003539,0.034381129414106565,0.0652025616059446,0.025884305447840015,0.06740646261835248,0.04291516658372247,0.05239709821053694,0.8359039767232718,0.38974108066726265,0.028960190487345588,0.04009053894463383,0.05711038298961061,0.027388840037133603,0.5360902796307454,0.5791174124908687,0.02996960771115656,0.03860028938252549,0.09342035301425508,0.026381722079634046,0.027273674225742728,0.053640082238979744,0.9928144363876209,0.07473228717806733,0.031381342537769016,0.8919175909143822,0.26066281096307264,0.03585005335596833,0.038794200589997344,0.05946167036899992,0.039508314067901146,0.08229536128818292,0.031580452546639985,0.030949048115286384,0.041327600770272116,0.0232313649413624,0.035201856635689706,0.02596015205361389,0.03557931474636411,0.03346191732449728,0.03432858395427125,0.8350167131364218,0.05388295529308965,0.4213598613646459,0.0301718673685778,0.025522410315050793,0.07666567116250804,0.02485006648078671,0.28115146912678773,0.02811908697059891,0.9803826897243985,0.15669605954989108,0.19196884905815137,0.3510740731710779,0.03160186032674294
CA3,0.7126789138533346,0.04328961812389273,0.10897257452219779,0.22218435345435728,0.5517809639116608,0.04850112386155728,0.2346190012704318,0.07014598417426607,0.3586349857255561,0.7479272098021953,1.0,0.07677108882335697,0.545019909555872,0.11774663650342829,0.6113163981213343,0.04140529852078326,0.1022630912858112,0.05097211418201084,0.09632935171821502,0.8532344544852102,0.04798863212548723,0.3665405474751035,0.030451820834683663,0.11274611772530035,0.39816605546107614,0.42379092363793897,0.034648544498490155,0.05913262024483107,0.033586836299550255,0.03690345103048439,0.031413937759675284,0.5320025798121578,0.05019116043975353,0.05181988619288089,0.45507824304560546,0.05203615387122183,0.04129707006754012,0.0729751064769954,0.037605495716808345,0.03729685166207099,0.8966510011229968,0.18650781433628907,0.040286172922010505,0.03213031349185828,0.045968550098878416,0.08717768353846728,0.034608054244591055,0.09012436201669878,0.05737880106684752,0.07005641394487362,0.8947525441068677,0.5210949348538044,0.0387206002239238,0.053602193394243,0.07635821005190414,0.03661965987890338,0.7167679857141787,0.7742964888842969,0.040070219826716345,0.0516096872484879,0.12490567503081217,0.03527311446071234,0.03646567990614464,0.07171831902353973,0.753340385060824,0.09991919828378996,0.04195774953296387,0.8385608910745108,0.34851360874009424,0.047932543282453395,0.05186895206053175,0.07950194830420167,0.052823742137085704,0.11003124396282843,0.04222396529067592,0.0413797595670727,0.05525618031894046,0.031060997162419602,0.047065885789874605,0.03470946331860235,0.04757055804370828,0.044739537331910904,0.04589829532121199,0.8957032811869023,0.07204304722025036,0.5633701459746105,0.04034064675432435,0.03412419013582982,0.10250418778424153,0.033225247263512205,0.37590752875690137,0.037596020845445076,0.7628931208612525,0.20950709841313644,0.25666782347565814,0.4693960435854803,0.042252588102926064
CENT,0.1077218468668711,0.5638791736235246,0.70449917476914,0.3455287810765119,0.04236082539149962,0.6317628759070201,0.3272159902124353,0.9137031302977263,0.027532798344300027,0.057419186257129856,0.07677108882335697,1.0,0.14085923739174316,0.6520023934706762,0.12558323162814847,0.5393345223493307,0.7507213781440697,0.663949345557582,0.7969646577496923,0.08997654562564046,0.6250872934198517,0.20944773873502076,0.39665740451787035,0.6809200207709631,0.030567641610247952,0.18115321622353922,0.45132282255645995,0.7702459500201913,0.437493290955276,0.4806946416429727,0.4091896863929571,0.14430585816043162,0.6537768476260465,0.6749922006722292,0.16869865786060742,0.677809246537484,0.5379247669986912,0.9505545329037114,0.4898392909775585,0.4858189747430512,0.06883687365076553,0.41162397992039246,0.524757086807837,0.4185210081595574,0.5987742365442769,0.8806277674203351,0.45079540716455035,0.8518350322317108,0.747401162941309,0.9125364120608844,0.06869112703855294,0.1473264921388949,0.5043643488373113,0.6982080652467572,0.9946219497758744,0.4769980527847114,0.10710730718094673,0.0991494730061069,0.5219441386185644,0.6722542045383377,0.6146325121290028,0.45945830652307734,0.47499235018079183,0.9341839502700922,0.057834761615726454,0.7683317134442185,0.5465306038514667,0.06437723265247464,0.22028146648531416,0.6243566949107843,0.6756313197521184,0.9656504080831391,0.6880681640275828,0.6977208114569016,0.5499982602543164,0.5390018586591059,0.7197524636661041,0.40459237505264556,0.613067842481286,0.4521163350758975,0.6196415704506111,0.5827654396676901,0.5978591162985801,0.06876411615937193,0.9384137743052546,0.13627113430113635,0.5254666486122711,0.444492720617085,0.7489556327683945,0.43278332732730124,0.20422865452371575,0.48971587379657966,0.05856813554436721,0.36643669548593816,0.2991067901841532,0.16355290989873114,0.5503710934743324
CLA,0.764748190189943,0.07942759037769599,0.19994237386850286,0.40766282030946677,0.3007316110457852,0.08898963691267729,0.4304778543991522,0.12870352613618624,0.19546320748371404,0.40763522024076815,0.545019909555872,0.14085923739174316,1.0,0.21604098206133085,0.8915512674464463,0.07597024951716677,0.1876318451726722,0.09352339848198796,0.17674464735923548,0.6387692230322601,0.08804931945438911,0.6725268949785551,0.05587285950617542,0.20686605342027845,0.21700842753561406,0.7775696193984535,0.06357298860279197,0.10849625712392287,0.061624971327964184,0.0677102806401264,0.0576381471738785,0.9761158638143664,0.0920905081809828,0.09507888663206468,0.8349754478078452,0.09547569356434202,0.07577167245356675,0.13389438660408143,0.06899838897161108,0.06843209029274472,0.4886926475352378,0.3422036719507574,0.07391688306366467,0.05895255004177877,0.08434288232945004,0.15995320906626512,0.06349869727289892,0.16535976105926053,0.10527835783761476,0.12853918309509368,0.48765795066401135,0.9561025674794822,0.07104437754480679,0.09834905561142267,0.14010168933851835,0.06718958195260089,0.7603853972535073,0.7038904571828871,0.07352065332690126,0.09469321458466318,0.22917635271818937,0.06471894667014244,0.06690706021337815,0.13158843881865132,0.4105855085306361,0.183331281173219,0.07698388406976647,0.4570323810105213,0.6394511514709479,0.08794640790556232,0.09516891245826035,0.1458698056901931,0.09692075685846213,0.20188481564369115,0.07747233550620851,0.07592339076345378,0.10138378314283572,0.056990573404429784,0.08635626876131525,0.06368476217114073,0.08728223906989517,0.08208789540985474,0.08421397918951949,0.48817612130138327,0.13218424860654557,0.9674277443527056,0.07401683139831956,0.06261090565230375,0.188074207908791,0.0609615294431848,0.6897133887516558,0.06898100452161735,0.41579193973259676,0.38440265160929704,0.4709329310278089,0.8612456817733204,0.07752485250925426
COPY,0.16521695003826073,0.36765057083080505,0.9254835446533112,0.5299501727857568,0.0649703525872176,0.4119109071972949,0.5018631733399485,0.5957366278757668,0.042228063301639245,0.08806591330360244,0.11774663650342829,0.6520023934706762,0.21604098206133085,1.0,0.1926116113771545,0.3516473994531275,0.8685011676136811,0.43289656244683256,0.8181070354006272,0.13800033025444275,0.4075584114378502,0.3212376838374914,0.2586215771335177,0.9575315361302709,0.0468827138003792,0.277841336224614,0.29426356053475317,0.5022022029742595,0.28524667283020294,0.3134140568797472,0.26679265491172344,0.22132719082866645,0.42626406944789597,0.4400965304123325,0.2587393229687502,0.4419332510589953,0.3507282355903025,0.6197638305776205,0.31937639013334723,0.31675513432593944,0.10557763949966456,0.6313228050119194,0.3421428765894092,0.2728766990377919,0.39040223537544544,0.7403836417520856,0.29391968443687483,0.7654092269045384,0.48730734712050033,0.5949759247928399,0.10535410257146904,0.22596004802169625,0.3288467626232061,0.4552333296814158,0.6484958918523408,0.3110038720964838,0.1642744079677429,0.15206918563339009,0.3403088276372944,0.4383113503797218,0.9426844414745938,0.2995679155530301,0.3096961491981379,0.6090901715179913,0.08870329648310957,0.848594925944069,0.35633926181613024,0.09873772442734137,0.33785376969666187,0.4070820594612721,0.440513237582133,0.6751950685392774,0.44862208981695784,0.934474624756052,0.35860018209052225,0.3514305019308802,0.46928032901671585,0.26379519691431047,0.39972170065770196,0.2947809325966754,0.40400778702772716,0.379964461495325,0.3898055747849376,0.10546604866484222,0.611848026912877,0.20900403996333664,0.34260551258421557,0.28981031772263205,0.8705487547515384,0.28217576527160354,0.31323298283704987,0.31929592183595357,0.0898280989930159,0.562017408456674,0.4587510616210729,0.2508471004655705,0.3588432702423381
CP,0.8577725343605996,0.07081376887145203,0.17825887683871497,0.36345230413769797,0.3373127514103944,0.07933882357909651,0.3837930766971909,0.1147457918515437,0.2192394477140431,0.45722016795321757,0.6113163981213343,0.12558323162814847,0.8915512674464463,0.1926116113771545,1.0,0.06773137224525279,0.16728340937701128,0.08338090445251542,0.15757691436750157,0.7164694239758116,0.07850048235735763,0.5995922056099539,0.04981351870858792,0.1844316921184935,0.2434054388786445,0.6932431797025421,0.05667857856417764,0.09672997555202897,0.054941821293797384,0.060367186523859265,0.051387363166136166,0.8702573355582811,0.08210340928854255,0.08476770188421424,0.7444234187797484,0.08512147560761765,0.06755433061251442,0.11937371008083322,0.06151560113940274,0.061010716834506214,0.5481374603783989,0.3050921174525257,0.06590069078110102,0.05255922070894789,0.07519600364090769,0.14260648627515507,0.056612344034851235,0.14742670455702525,0.09386105336480592,0.11459927160496163,0.5469769024733107,0.8524144558451338,0.06333970484501635,0.08768322518252487,0.12490783870114427,0.0599029569490382,0.8528790491559501,0.7895120369229561,0.0655474316570896,0.08442385548153478,0.20432246773465557,0.05770025893156447,0.059651074334353,0.1173178394100677,0.460529330754722,0.16344923609256423,0.06863507941535059,0.5126260235370865,0.5701034845640132,0.07840873143556623,0.08484796452366192,0.13005041014525848,0.08640982361903077,0.17999066326532498,0.06907055891259649,0.06768959526398904,0.09038884035951086,0.05081001795121911,0.07699104086609654,0.05677823043070602,0.07781659086832877,0.07318556719466733,0.07508107988312476,0.5475581036406378,0.11784903438162186,0.9215688434105976,0.06598979984554174,0.05582083229028128,0.16767779843506908,0.05435032884054527,0.6149148459163222,0.06150010201097699,0.4663690747964447,0.34271467125204347,0.41986085154011293,0.7678446791677824,0.06911738051322446
CU,0.05809811082653168,0.9564717896629017,0.3799607259196117,0.18635560009984697,0.02284665552884785,0.8536977130462274,0.17647887978628704,0.5902732566688161,0.014849388643963492,0.030968149393676387,0.04140529852078326,0.5393345223493307,0.07597024951716677,0.3516473994531275,0.06773137224525279,1.0,0.40488995589876303,0.812312755420219,0.42983055301672807,0.04852745725764754,0.8628147268817963,0.11296239612779979,0.7354571014479817,0.3672436741606037,0.016486184387208606,0.09770218334396752,0.8368142662006995,0.7002107863536218,0.8111724223577675,0.8912736376471438,0.758693666799846,0.07782913108316664,0.8249520066483362,0.7990233395470403,0.09098501005822386,0.7957025152791339,0.9973861206872154,0.5673893539824545,0.9082290687490728,0.9007748523621912,0.03712610237045685,0.22200302259789537,0.9729714399182263,0.7759952141325723,0.9007310091730192,0.4749529563092038,0.8358363658993947,0.45942404022911637,0.7216131698629465,0.5910279471821737,0.03704749619097515,0.07945826326713329,0.9351605134422141,0.7724553026449527,0.5422507742473036,0.8844196561104919,0.05776666835855892,0.053474733664936526,0.9677558490878462,0.8022776484078845,0.33149253234946485,0.8518985666292711,0.8807008090484074,0.5773322504560239,0.03119228353120522,0.4143878176762803,0.986833159110534,0.03472086402279413,0.118805399509267,0.8638243599300194,0.7982674967572646,0.520808601599956,0.7838387975870805,0.3763049205802954,0.9806113242975443,0.9993831960009242,0.7493333466372544,0.7501696225382516,0.8797305697302072,0.8382855469857327,0.8703975783243848,0.9254744458711809,0.9021097239236184,0.03708686174358876,0.5747299721262314,0.07349572712830486,0.9742870645909123,0.8241503226622383,0.40393762845998266,0.8024395053409628,0.11014756383759469,0.9080002364087263,0.03158781740871214,0.19763196013117557,0.1613186178154117,0.08820973053907527,0.9799470370885012
CUL,0.14349111401780065,0.42331615032939146,0.9384296162056821,0.46026234384150183,0.056426827082271036,0.474277896861179,0.43586875202805253,0.6859364731916595,0.036675122283538135,0.07648534853114397,0.1022630912858112,0.7507213781440697,0.1876318451726722,0.8685011676136811,0.16728340937701128,0.40488995589876303,1.0,0.4984409677148411,0.9419757461564292,0.11985344795705714,0.46926639437649753,0.27899530349437573,0.2977791933707054,0.907020954237817,0.04071769167652739,0.2413055249224226,0.338817691337457,0.5782401011090462,0.32843556631472925,0.3608677438406821,0.3071874452912604,0.19222292365935284,0.490804256048511,0.5067310751251544,0.2247154041059329,0.5088458916794134,0.403831622419085,0.7136016089425666,0.36773282759178666,0.3647146902476423,0.09169430317935502,0.5483045932939963,0.3939463633992466,0.3141926680277884,0.4495126200556827,0.852484336649063,0.3384217493275882,0.8812990188690234,0.5610900310697798,0.6850605928689917,0.09150016109621238,0.19624656554088662,0.37863709904588255,0.52415972097335,0.746683960868086,0.3580926355585762,0.14267251512903092,0.13207226528066096,0.391834623057948,0.5046756028941661,0.8187225381119355,0.344925173072745,0.3565869117356145,0.7013118625868345,0.07703891656676319,0.977079775581296,0.41029220812128364,0.08575382895266387,0.29342639346423455,0.4687179184569004,0.5072108754816069,0.7774256313258195,0.5165474803558467,0.9294004830151557,0.4128954519149611,0.40464021815477896,0.5403335614460071,0.3037361453861044,0.4602431356033624,0.3394133981496238,0.4651781737240384,0.437494474002063,0.4488256197236657,0.09159738640901677,0.7044872819158187,0.18152025274413439,0.39447904661494976,0.3336901877966649,0.9976479351366809,0.3248996959289276,0.2720432113290939,0.36764017567559554,0.07801580885995164,0.4881127754638365,0.39842583266191756,0.2178609996468544,0.41317534578370946
CUN,0.07152184972951314,0.8492804118211473,0.4677517660338271,0.2294136080670591,0.02812544229596518,0.9515227029502801,0.21725484255752261,0.7266576238402915,0.018280383442066873,0.038123431137870284,0.05097211418201084,0.663949345557582,0.09352339848198796,0.43289656244683256,0.08338090445251542,0.812312755420219,0.4984409677148411,1.0,0.5291441629454305,0.059739868583675915,0.9414683478525095,0.13906268906163244,0.5974211845705776,0.4520964021679361,0.020295365642362836,0.12027655935727004,0.6797549023524389,0.8619965421956158,0.6589257055263318,0.7239929444305533,0.6162965429980524,0.09581178008574386,0.9846788041895083,0.9836400256126671,0.11200736348299273,0.9795519151579832,0.810189467913315,0.6984863283218263,0.7377660573882988,0.7317109023355725,0.045704197210655724,0.2732974720839519,0.7903571113051524,0.6303508105849327,0.9018372268164956,0.5846922298585661,0.6789605414641596,0.5655753121732662,0.8883440091860277,0.7275866878101993,0.04560742884285996,0.0978173280389135,0.7596428134344316,0.9509333658626995,0.6675394060096852,0.7184253678029162,0.07111382650722446,0.06583022771478382,0.7861204203465819,0.9876462520804031,0.408084854186464,0.6920080719971582,0.7154045008989279,0.7107265601872312,0.03839935212524035,0.5101333383124246,0.8231510543812531,0.04274322148841872,0.14625573551138876,0.9403679649483682,0.982709543129495,0.6411429564842123,0.9649470506979685,0.4632512761487149,0.8283738269105906,0.8118117176641755,0.9224690141048141,0.6093723531165928,0.9233653840963334,0.680950042500926,0.933266332132971,0.8777257535788155,0.9004589285294051,0.04565588992186055,0.7075230178170929,0.09047713043762885,0.7914258100081208,0.6694678194822253,0.49726860222824026,0.6518318456415549,0.13559748151512657,0.7375801739593827,0.03888627526521037,0.2432954041561716,0.19859175759459755,0.10859084749130071,0.8289353655618608
DEC,0.13516514919373504,0.4493917726190516,0.8839779379406388,0.43355596476780567,0.05315270254406206,0.5034926841761995,0.41057779291789637,0.72818910252255,0.03454707567841411,0.07204734325265884,0.09632935171821502,0.7969646577496923,0.17674464735923548,0.8181070354006272,0.15757691436750157,0.42983055301672807,0.9419757461564292,0.5291441629454305,1.0,0.11289904106876965,0.49817248086403365,0.26280680918325405,0.31612193263546584,0.8543917401476842,0.03835507799876431,0.22730395189046784,0.35968833881333423,0.6138587999409284,0.3486666908939581,0.38309664055910275,0.326109718370867,0.1810693319423892,0.5210370416129649,0.5379449281924548,0.21167646045552965,0.5401900141863227,0.4287070278261949,0.757558367988025,0.3903846028862819,0.38718055293440223,0.08637380965566677,0.5164896283891096,0.41821285208953335,0.3335464520289379,0.47720190449684297,0.904996057624073,0.35926800738602904,0.9355856798489911,0.5956523120252424,0.727259269322235,0.08619093252203812,0.18485950500601325,0.40196056065227426,0.5564471517574566,0.7926785417934614,0.3801505898848372,0.13439404889468334,0.12440887063432038,0.4159710317986021,0.535762842040688,0.771216773733076,0.3661720320084175,0.3785521157955568,0.7445115922022596,0.07256879091605964,0.9640725043111426,0.4355655756482168,0.08077802701345634,0.27640054592546226,0.4975902196733023,0.5384542835112199,0.8253138517610158,0.5483660088527017,0.8754727134663469,0.4383291752465075,0.42956543181270235,0.5736172758701545,0.3224458237119668,0.4885934032604403,0.3603207402468079,0.4938324321216532,0.46444345917310964,0.4764725860034314,0.08628251640861233,0.7478826124667842,0.1709876755211596,0.4187783477701565,0.35424498895882484,0.9397601581017958,0.34491301634317567,0.25625810697851437,0.39028624375488263,0.0734889997628503,0.459790395876033,0.3753074710097064,0.20521977770073122,0.4386263101460953
DG,0.8352673876529304,0.05073590019288547,0.12771703480720925,0.26040246298821795,0.47079852973848924,0.05684384122863381,0.27497600458714083,0.08221185139152389,0.30599972640485595,0.6381572648502214,0.8532344544852102,0.08997654562564046,0.6387692230322601,0.13800033025444275,0.7164694239758116,0.04852745725764754,0.11985344795705714,0.059739868583675915,0.11289904106876965,1.0,0.05624319537639938,0.42958948217375004,0.0356898630553503,0.13213966821502127,0.3397289971258592,0.4966875416366404,0.04060846853564414,0.06930406986495655,0.039364135054549,0.04325124335578981,0.0368174744872774,0.6235127719181662,0.05882458235941236,0.06073346654073628,0.5333566180472307,0.06098693459656092,0.04840061234101975,0.08552761329947012,0.04407404731387367,0.04371231314677,0.7650535278067977,0.21858917365077174,0.047215829963543524,0.03765707458595745,0.05387563741388416,0.10217318707677484,0.040561013520570344,0.10562672609262402,0.06724857483804542,0.0821068741148544,0.7634336988702771,0.6107288941680179,0.045380961845106774,0.06282234983886498,0.08949264724427243,0.04291863705972524,0.8400598240569562,0.9074838513775917,0.046962730602448856,0.06048711110667239,0.14639080076316502,0.041340471279953175,0.0427381708678722,0.08405464482421797,0.6427759724890503,0.11710638003252591,0.049174935813250324,0.715489044448592,0.40846171519218144,0.05617745864631425,0.06079097226778815,0.09317714244459138,0.061909996554178455,0.12895780683073163,0.04948694355779537,0.04849752532794603,0.06476084038622033,0.036403824293710606,0.05516172670063036,0.04067986605105382,0.055753208035192924,0.052435221171306355,0.053793298055344274,0.7642449005041193,0.08443522977950621,0.6602758983924458,0.04727967388361439,0.039993919556868214,0.1201360156583062,0.038940348797281414,0.4405676854478423,0.04406294266225834,0.6509266958085702,0.24554458310001126,0.30081746245293844,0.550137234986233,0.04952048980302691
ECU,0.06733555770020021,0.9020806846649249,0.4403734823729608,0.21598565056177732,0.026479213691003436,0.9894334049344318,0.20453855768558787,0.6841251525713495,0.01721040239731308,0.035892003727839655,0.04798863212548723,0.6250872934198517,0.08804931945438911,0.4075584114378502,0.07850048235735763,0.8628147268817963,0.46926639437649753,0.9414683478525095,0.49817248086403365,0.05624319537639938,1.0,0.13092312011878235,0.6345632181191179,0.4256344528191105,0.019107444360377927,0.11323657362347328,0.7220156725427475,0.8115424604354825,0.6998915120506622,0.7690040202434655,0.6546120689068576,0.09020375830213322,0.9561172067956054,0.9260659497951578,0.10545138744564869,0.9222171231995481,0.8605594333164341,0.6576027695227153,0.7836334158988395,0.7772018082228744,0.043029055037841324,0.25730091951514555,0.8394940871968325,0.6695400987433765,0.9579049883871161,0.5504692276471439,0.7211719257613594,0.5324712547379322,0.8363477666530441,0.6849998368921479,0.04293795068248826,0.09209191822014287,0.8068702629962843,0.8952736648765817,0.6284672217023839,0.7630903040358663,0.06695141675122662,0.061977075725392024,0.8349939986189909,0.9298376852088603,0.3841989734545625,0.7350306290972283,0.7598816280236786,0.6691265603943697,0.03615177460395677,0.4802743912054836,0.8743268493931439,0.04024139011659546,0.1376951456758608,0.9988312056303844,0.9251899299890202,0.6036157999784647,0.9084671055857682,0.4361364135962973,0.8798743248247404,0.8622825393077941,0.8684753786543925,0.6472573979853617,0.9807715641237764,0.7232851152714522,0.9912880600412671,0.9322944903893042,0.9564410004684205,0.0429835752544701,0.6661105266518801,0.08518135451155044,0.840629227539475,0.7110890355573635,0.4681626493787481,0.6923566226399265,0.12766073689500743,0.7834359759856017,0.03661019732807551,0.2290549221910195,0.1869678539197118,0.10223484577953873,0.8804707746709312
